152
200
381
250
484
81
289
200
628
326
338
1697
176
5947
499
253
1083
225
250
900
29
693
577
47
505
220
56
99
1
239
209
144
416
101
997
447
135
303
209
104
911
60
193
101
84
194
116
101
310
118
194
163
233
54
97
3
135
264
126
435
186
315
356
448
550
298
365
1
7
123
2
387
179
228
162
79
108
164
155
201
397
3
264
46
226
11
234
293
1454
225
140
84
736
336
167
345
611
276
163
161
1112
232
201
525
67
90
187
219
2345
163
123
125
101
112
1085
153
427
318
346
248
202
332
126
119
154
59
270
199
151
90
350
405
489
484
629
153
41
243
107
108
345
400
152
100
48
454
635
226
86
257
1499
417
185
143
227
307
141
250
327
676
127
453
67
288
334
336
111
497
868
544
164
338
318
274
144
217
211
38
86
254
825
541
119
337
175
387
493
279
325
210
1309
374
398
139
53
690
252
621
165
475
219
241
68
259
105
419
245
58
347
326
183
259
56
538
301
266
86
296
765
376
193
75
157
259
299
178
479
49
628
297
293
171
194
313
196
151
315
396
533
74
238
111
254
157
290
182
218
350
279
328
19
37
29
145
260
183
196
70
458
29
288
314
1133
75
327
419
110
160
795
219
297
201
1686
67
336
86
509
224
175
106
213
890
329
306
5
244
83
77
143
258
136
2771
405
256
205
226
274
355
139
183
247
98
198
403
288
261
206
532
330
829
182
630
122
242
94
346
325
259
231
347
316
4236
59
444
108
486
279
340
267
150
335
22
216
99
427
273
331
98
442
267
263
400
490
366
109
457
61
111
228
271
34
395
104
138
13
370
301
127
163
172
36
386
425
267
167
254
128
271
117
300
117
130
166
273
171
184
152
11
452
295
437
279
143
300
51
652
720
166
232
190
521
273
534
115
121
83
3430
191
1651
462
160
49
212
133
228
5723
254
296
1107
268
313
176
301
158
333
324
313
168
165
150
557
336
285
127
347
307
299
120
26
367
140
543
25
466
675
1737
62
373
464
304
521
158
324
54
549
81
210
850
504
73
151
139
419
590
402
1475
373
219
357
303
142
11
332
136
456
385
24
269
442
261
419
171
227
417
269
69
184
147
71
652
189
165
110
22
154
236
309
337
485
198
144
145
230
378
775
496
884
157
209
653
77
305
298
366
347
256
523
439
280
71
172
205
558
268
157
541
364
153
531
373
761
502
546
676
74
254
262
758
416
364
356
329
73
93
234
88
169
253
260
205
261
28
199
127
351
12
269
129
136
253
108
128
588
409
970
360
148
465
176
165
447
111
374
94
576
182
8
3628
206
217
113
32
39
184
80
1060
341
233
239
229
811
282
113
139
417
378
152
244
427
184
240
122
439
7
112
133
195
2086
134
371
606
101
218
126
50
177
696
115
279
186
63
362
516
127
239
184
6193
395
143
443
860
211
130
3245
178
167
706
7
123
307
292
192
297
231
185
546
597
211
450
203
404
310
292
164
227
210
386
5
702
255
58
155
223
926
407
877
949
1425
180
267
81
169
29
103
205
91
104
8
86
2285
32
159
122
131
182
175
4
454
506
362
122
43
288
175
89
763
775
218
171
298
303
279
5961
23
65
734
219
275
106
5577
367
62
159
235
188
282
50
50
84
98
21
505
253
348
237
1661
142
633
166
220
806
227
459
298
139
199
228
220
502
82
117
1283
464
38
273
65
152
19
195
287
356
381
152
101
484
159
215
423
9
309
291
240
409
349
124
113
608
276
162
189
522
66
104
121
231
183
159
706
322
358
265
299
236
217
220
283
341
52
4
544
172
184
13
395
356
192
232
237
14
603
87
175
50
361
346
133
166
146
475
178
148
879
79
297
142
159
502
86
289
694
197
198
101
481
115
342
233
305
71
497
546
149
310
184
160
367
590
505
526
159
127
124
283
146
588
541
145
206
326
1085
207
242
274
147
263
167
1075
191
170
351
393
287
233
140
390
148
1523
271
382
79
54
450
839
1522
246
162
6291
357
102
366
165
567
348
194
417
194
280
286
623
182
502
617
642
159
209
574
368
144
128
328
642
1
175
174
287
152
317
277
137
65
170
193
67
110
185
6149
146
339
249
246
376
39
341
224
343
114
626
199
245
971
108
417
465
98
178
131
417
429
52
104
268
268
1739
221
289
35
217
55
218
144
544
439
173
173
230
32
273
585
166
331
219
78
130
116
235
1109
167
286
301
75
77
135
292
929
10
684
635
124
501
582
239
405
88
184
119
265
209
1181
199
282
197
298
62
315
641
138
330
346
384
176
122
944
313
719
551
172
97
95
51
40
1472
107
214
241
167
218
136
103
372
134
340
36
2
95
163
76
181
177
119
170
115
198
835
126
338
127
341
288
191
181
141
137
166
6
283
216
73
132
19
124
105
357
208
156
55
331
448
114
131
16
148
63
52
294
67
62
36
158
167
35
193
83
541
490
25
155
96
131
303
547
180
427
212
1728
268
342
96
109
435
65
298
209
384
614
30
329
256
83
87
379
411
342
232
107
458
533
75
421
484
63
72
284
380
53
150
380
86
449
222
550
220
404
89
315
247
133
197
554
210
227
159
223
17
298
1552
290
8
202
354
72
7
235
41
176
291
125
431
708
92
403
131
104
397
734
221
144
75
278
9
85
82
515
365
148
276
711
438
187
184
168
845
300
113
307
165
125
89
290
91
394
257
217
248
211
456
662
478
611
535
157
198
211
206
241
181
367
184
987
72
164
414
201
199
136
230
264
279
174
103
121
315
101
363
146
21
372
86
406
211
111
161
903
172
210
396
151
175
1522
285
124
247
104
175
554
203
192
1735
85
175
200
210
84
155
209
4752
372
278
170
227
221
294
214
263
10
37
134
213
176
2241
124
663
336
244
294
124
1247
484
481
242
596
416
317
459
46
47
31
382
600
158
490
203
264
136
94
362
283
221
352
23
111
572
210
221
165
23
149
175
471
122
361
143
340
241
309
601
123
175
215
215
105
152
474
166
215
124
143
620
325
153
102
331
175
99
294
44
642
104
354
151
221
215
389
296
279
401
260
416
192
306
300
295
55
8
1033
407
387
172
394
270
333
595
133
410
1
403
379
236
94
1044
181
260
59
402
510
257
590
141
1185
242
419
301
344
370
550
140
240
148
202
417
330
146
1
1
282
458
48
417
15
195
449
244
163
95
156
173
140
229
338
336
351
348
316
306
183
542
234
340
59
56
211
108
483
317
464
224
391
246
62
267
142
494
222
154
205
295
49
478
302
295
116
243
906
570
75
769
479
228
312
330
2
119
713
350
378
326
374
302
238
151
221
568
213
1288
272
88
185
103
515
293
130
416
363
1096
307
133
528
14
467
345
232
354
120
105
147
360
15
312
346
279
228
169
75
172
483
115
103
271
224
339
230
485
96
241
289
374
136
407
91
205
198
261
213
340
350
369
176
98
9456
263
172
129
544
152
194
263
834
117
190
265
6
1215
362
462
400
604
244
139
508
175
204
236
75
309
167
307
116
112
1014
39
94
338
1198
221
468
507
171
82
178
95
113
428
281
150
270
104
123
185
551
336
372
150
7582
2218
259
323
189
4
410
12
219
79
183
373
209
41
298
129
510
74
334
88
70
281
251
345
288
326
1
40
373
74
1
292
225
151
130
208
269
122
82
292
202
269
528
11
150
334
313
238
819
529
158
267
149
401
155
103
717
21
245
306
226
379
172
65
184
170
200
256
99
66
378
211
139
87
434
107
94
130
152
216
148
470
260
203
268
164
368
177
293
545
129
8
54
353
203
948
121
333
38
261
112
119
176
251
82
198
195
196
195
211
137
100
135
242
270
325
527
390
434
79
267
57
291
26
70
91
287
399
679
165
46
65
332
535
365
202
95
144
335
431
744
243
268
140
207
1064
97
45
202
2928
162
128
245
153
172
558
162
141
248
41
300
354
13
140
71
638
54
270
86
326
81
57
28
240
403
402
623
240
428
476
262
176
186
137
107
176
136
460
60
94
585
45
122
115
412
116
389
313
122
994
83
51
59
169
84
296
282
434
173
451
199
272
250
269
195
323
252
129
115
239
285
103
345
138
633
455
179
182
147
235
129
608
346
139
67
651
101
82
348
372
117
463
305
66
264
88
91
347
411
878
394
328
232
185
351
243
73
175
104
68
645
216
472
378
118
188
173
216
294
145
111
283
68
280
370
213
3923
1
201
136
149
294
26
43
69
31
367
124
462
37
211
245
12
58
47
45
152
269
1409
360
91
1
269
112
383
353
106
770
28
304
3
747
317
494
237
1515
257
73
320
1
373
120
457
77
152
1
142
172
42
242
480
451
314
408
127
489
104
180
306
293
244
258
206
741
1941
241
321
118
128
248
290
312
564
605
331
151
278
1159
56
231
236
103
189
1032
515
38
225
196
205
130
254
430
95
217
240
13
274
381
149
317
212
219
450
446
4
72
15
157
664
450
333
170
168
737
191
149
209
71
206
374
19
394
245
75
291
406
284
170
240
216
135
25
138
243
250
31
96
1185
152
141
78
164
1104
662
7
122
1
2701
1
212
464
15
85
623
166
868
182
527
659
235
159
452
281
257
250
197
9
134
935
267
154
190
212
194
53
135
258
7
361
514
643
10
577
290
30
215
331
477
156
182
50
413
132
171
738
3074
395
195
337
331
135
7
228
298
518
833
231
321
204
195
14
56
440
188
836
444
38
61
7
55
141
233
1556
309
22
425
174
526
92
251
282
87
408
677
305
429
141
72
94
320
334
226
664
764
267
284
144
319
129
49
169
102
296
1664
211
176
241
267
7
288
251
426
522
38
319
371
126
373
33
141
580
190
85
433
314
234
251
478
178
147
156
1
204
21
25
132
291
307
540
61
121
544
326
287
322
121
987
707
166
1256
334
64
112
181
266
118
152
96
95
285
230
290
428
207
154
210
1883
234
225
528
50
119
312
130
285
119
345
212
100
135
216
289
230
64
71
1107
317
1
92
123
42
246
146
221
291
240
62
318
143
185
182
131
335
497
42
147
633
169
632
113
1370
1
263
361
204
333
5467
170
174
54
500
226
127
88
184
181
27
158
255
276
192
235
286
266
174
191
465
388
362
83
187
127
389
305
135
296
422
367
51
87
217
6
133
241
158
119
211
101
252
117
411
357
273
104
192
468
70
364
27
175
335
179
208
645
202
159
332
227
239
464
137
143
701
248
198
222
151
2
60
1156
202
112
284
341
270
196
224
330
31
2
94
204
95
138
176
151
381
489
137
79
192
337
161
395
361
21
13
85
256
156
174
353
215
238
46
253
175
196
779
175
86
583
525
356
124
140
197
289
174
186
271
509
241
280
339
198
1151
249
342
182
5
316
227
241
350
412
233
184
392
295
3124
138
375
159
108
1909
539
325
114
106
306
184
336
362
207
173
8
316
366
240
398
256
176
322
203
70
110
125
239
178
677
225
83
749
249
364
252
130
38
40
163
256
285
132
250
261
36
181
176
298
4
2240
150
191
1385
208
231
296
30
248
163
163
175
277
158
190
85
132
191
89
104
131
206
367
339
140
11
425
248
80
53
521
176
107
53
308
295
458
325
496
210
513
81
124
181
247
334
475
101
372
46
567
311
90
281
668
441
426
80
802
57
245
545
77
526
134
71
90
128
426
675
32
252
124
214
150
811
202
94
252
109
412
232
92
129
137
21
25
144
345
325
481
1
431
5
232
463
159
321
11
134
216
168
63
122
170
117
3
149
124
117
124
194
118
207
215
110
132
13
94
342
381
473
13
171
317
250
105
561
347
119
1951
187
187
123
172
73
97
96
209
449
139
8712
116
125
141
270
581
121
230
578
62
116
182
31
99
4
222
291
281
331
201
355
190
389
66
169
1412
240
422
51
260
187
73
103
112
61
179
426
152
11
213
201
225
831
248
168
98
150
385
218
257
610
311
739
221
119
453
2455
405
232
1710
459
256
170
417
264
403
262
110
144
209
79
288
157
138
282
380
781
405
389
189
10
47
200
330
718
613
72
163
492
303
320
236
776
405
91
307
230
171
287
692
171
9
115
216
70
237
164
101
99
279
286
247
310
192
13
401
128
68
368
233
366
248
717
163
363
259
108
263
1042
269
312
585
418
213
142
165
212
96
316
151
105
177
1
30
366
195
509
388
186
394
167
148
666
722
248
66
287
166
250
157
264
646
200
276
171
176
352
414
29
668
113
71
240
451
41
316
322
273
48
244
229
112
150
78
257
209
388
209
2
50
708
443
98
34
284
138
81
65
361
215
668
208
303
263
5
261
32
226
283
97
465
278
181
147
101
134
1
468
109
1194
59
152
158
296
145
170
731
354
63
992
788
241
666
94
260
247
173
328
391
318
528
103
334
106
156
163
328
181
331
139
1294
211
13
541
14
272
153
205
358
95
97
203
206
469
387
73
176
113
170
256
213
110
347
506
194
800
29
34
380
104
1514
56
275
64
114
155
325
254
248
156
217
228
394
13
251
277
32
552
8
51
136
49
289
80
441
157
64
123
539
263
91
587
451
76
3199
235
92
1
188
299
52
73
607
419
341
103
50
286
142
145
293
351
73
84
345
131
101
311
96
148
787
157
405
330
90
29
248
466
23
51
136
131
1
522
382
198
142
367
166
11
293
1931
3101
244
283
205
244
92
125
214
24
461
221
104
134
350
399
170
114
65
6
514
34
146
301
273
10
305
132
268
448
183
154
358
172
1
72
165
201
112
63
252
611
174
248
888
219
185
563
185
1156
3
231
301
169
6
330
120
294
129
72
369
102
139
143
281
98
444
255
132
315
388
307
565
108
265
295
337
1762
364
120
170
214
124
284
555
887
137
526
721
105
871
228
156
128
78
118
222
1876
478
131
325
622
353
226
2
39
150
420
323
2149
200
73
366
342
101
135
110
289
67
231
358
457
235
236
221
1780
198
607
289
266
304
655
78
2
370
265
982
52
202
347
278
233
710
107
281
216
393
116
270
136
179
342
570
1340
207
496
330
164
176
108
329
526
206
184
357
289
315
127
191
496
76
326
315
55
337
848
381
126
160
193
175
150
30
190
1730
346
242
169
203
355
347
282
383
420
680
387
310
550
273
226
458
268
164
230
363
31
311
487
1328
167
133
296
394
214
448
169
112
291
287
170
229
187
109
287
337
129
211
262
311
376
276
135
322
423
573
1198
366
335
263
137
5
247
116
299
303
225
3159
76
39
181
402
54
399
191
388
260
679
431
215
141
46
268
25
507
98
123
152
1
138
2575
204
272
42
76
573
262
213
127
325
699
684
277
367
414
125
1
2186
431
21
140
1160
366
168
282
74
350
89
166
257
151
503
123
85
163
66
1452
584
256
102
649
188
612
2
385
140
82
225
198
1102
364
235
626
147
210
264
271
198
121
70
117
291
225
230
420
175
576
3255
156
264
201
108
174
133
525
295
165
366
130
102
45
137
1
1109
93
101
99
175
282
3
168
77
561
384
222
653
170
74
254
1841
111
568
13
24
269
223
230
322
29
166
153
295
741
341
49
110
152
398
251
9
231
440
160
53
267
240
328
223
156
237
178
154
370
169
129
195
44
277
4547
293
238
471
71
391
305
163
80
394
207
324
4
115
45
172
395
33
133
131
423
7
221
765
416
143
411
244
820
586
1434
163
352
157
292
227
151
158
176
218
346
269
242
202
386
225
136
362
3
124
188
304
143
399
348
733
674
264
237
144
295
106
236
300
140
229
254
133
443
338
291
99
204
238
31
556
746
206
127
130
144
175
294
296
19
1066
244
230
675
358
170
169
366
187
2
341
531
83
325
500
686
110
104
1397
236
584
126
193
91
367
304
250
343
294
125
8
397
415
47
282
514
288
284
161
139
2263
116
270
567
404
510
357
109
397
257
445
529
293
436
117
39
137
48
149
437
273
130
6
209
6174
289
90
195
156
288
70
550
256
38
1159
115
194
159
98
202
231
35
331
68
474
509
330
92
292
142
96
131
118
90
171
137
187
790
63
174
547
427
230
187
1693
151
111
55
153
137
1137
327
55
304
470
97
4568
294
349
237
293
234
423
235
169
616
447
4
179
258
57
195
287
339
214
98
520
258
145
320
128
209
1543
944
2765
168
302
115
255
412
391
300
154
203
85
271
219
188
290
441
135
302
211
67
129
283
471
620
520
499
266
209
253
195
297
158
679
189
78
337
651
368
48
50
99
414
303
233
154
496
184
506
152
66
81
287
271
263
448
297
95
383
181
232
343
173
287
500
134
395
128
205
430
135
181
570
250
103
107
224
6
144
239
310
86
323
270
179
192
345
883
1208
200
208
137
366
301
123
251
223
5373
2
102
161
133
58
207
5497
118
309
347
63
323
150
68
101
436
471
28
127
205
291
182
64
266
157
396
252
217
393
136
170
149
202
155
129
300
307
374
1
68
235
51
364
268
126
125
581
209
254
197
205
253
690
269
397
107
1868
245
636
321
178
290
72
136
42
350
8
356
92
201
14
2
329
158
204
261
444
273
224
435
437
463
280
687
541
486
181
92
49
26
62
127
194
204
330
270
145
191
113
286
122
291
410
272
1056
134
158
226
177
281
107
175
145
675
112
1002
1
148
397
353
147
154
233
330
647
511
319
631
188
634
276
151
135
915
688
167
171
409
102
175
333
388
189
157
492
651
238
184
137
36
232
2
780
360
215
52
133
90
849
370
256
333
108
114
300
207
515
204
196
263
360
344
42
414
388
29
420
106
502
360
112
347
128
157
346
148
126
136
47
142
477
181
229
69
213
396
318
512
263
528
226
158
775
111
167
161
158
470
73
205
41
62
166
225
278
296
226
529
504
147
870
102
69
1562
67
576
700
174
90
91
298
85
114
127
42
489
253
293
14
144
176
666
4
403
381
127
390
98
7
362
358
33
27
13
205
299
602
533
166
200
536
104
330
373
7
345
27
314
221
306
284
694
719
107
133
256
325
167
185
258
563
211
333
502
119
144
300
268
338
776
205
169
235
374
186
344
103
74
269
307
158
128
156
122
212
361
1652
334
185
251
727
309
491
1618
679
211
257
456
253
514
38
323
143
155
87
291
289
352
112
469
266
245
365
252
113
203
3
206
322
377
266
335
329
327
278
86
65
306
466
389
106
130
113
29
132
205
15
391
251
317
314
140
626
304
334
341
334
511
202
145
172
72
513
320
122
128
676
79
594
102
317
145
288
160
26
201
219
88
32
19
241
150
1002
201
126
213
90
37
373
830
91
1
560
578
502
334
218
40
136
155
392
54
133
154
243
98
393
277
35
176
148
162
345
207
157
501
269
269
94
222
211
416
442
138
339
124
189
379
64
366
836
603
168
137
596
240
274
363
64
150
95
638
97
476
117
273
295
211
1
204
401
435
170
162
286
326
267
173
244
288
293
153
293
456
184
121
202
594
151
167
108
205
481
319
135
770
514
8
358
516
110
224
537
244
119
238
247
38
248
1882
793
83
148
138
692
132
324
266
251
648
295
24
84
293
190
135
3
514
253
6655
496
1590
113
1048
114
137
592
369
519
332
3912
428
163
26
297
79
272
352
574
123
287
132
129
525
185
410
246
105
241
562
352
114
20
126
128
318
209
150
10
83
222
74
30
331
456
114
441
210
163
129
174
238
136
292
271
1
258
360
124
436
359
283
53
390
41
641
506
153
346
142
371
160
179
111
283
69
104
343
41
384
193
228
328
451
997
356
267
85
399
163
64
170
153
286
212
229
99
78
180
280
240
181
166
81
393
161
221
413
265
1029
80
318
291
179
451
216
506
203
1
170
362
349
151
425
203
306
233
398
62
248
42
2066
72
451
152
180
146
1144
119
219
281
44
235
424
1036
310
447
429
369
295
837
270
397
483
491
55
465
182
113
333
188
164
152
433
125
276
1
344
51
644
41
258
94
437
197
278
299
53
985
582
183
250
391
133
348
102
160
142
90
232
97
102
263
605
276
217
382
481
462
102
19
513
209
170
232
361
145
169
159
343
644
144
316
201
271
212
248
266
155
436
442
321
1053
484
164
245
317
188
819
551
86
355
409
233
357
218
345
277
138
424
17
387
196
161
153
255
748
203
336
235
354
284
217
1
408
406
391
64
36
342
577
8
308
290
575
3
100
258
187
195
465
134
152
361
118
119
266
441
171
119
1
126
361
192
526
442
194
736
211
183
365
1
316
366
322
131
256
173
953
164
157
215
220
136
210
2
146
308
64
129
91
94
47
201
400
114
269
134
100
68
137
51
52
355
332
310
377
59
93
386
243
150
202
163
412
191
348
419
301
192
70
106
317
106
542
314
363
316
179
491
248
210
217
598
1
479
268
1285
206
186
337
311
137
706
53
1932
256
786
1039
432
148
816
352
224
190
450
418
117
228
152
318
411
170
103
187
426
160
220
34
168
390
177
426
107
128
147
154
134
171
16
273
39
35
82
56
1
62
1220
1394
5
255
357
206
298
103
233
1093
260
142
73
240
90
39
292
408
268
342
277
138
126
79
266
194
979
111
110
22
1731
298
190
242
303
439
10
178
87
116
15
354
123
6612
51
84
174
217
172
69
282
225
693
429
150
183
218
636
483
73
327
292
678
469
328
313
113
338
246
100
138
68
153
265
127
701
56
289
214
361
21
581
81
120
304
180
119
242
194
179
400
324
382
150
42
636
418
218
21
96
173
216
26
185
118
185
331
233
221
464
1847
172
265
284
419
127
152
165
303
234
1215
182
181
213
371
276
104
120
320
324
203
170
198
163
160
199
135
121
102
98
103
398
351
208
166
10
144
3
269
245
676
181
94
160
1
7
395
301
187
183
312
382
322
417
1057
136
161
204
273
199
371
162
205
561
504
289
188
561
339
114
431
221
21
183
269
117
119
139
261
624
125
386
428
328
111
529
329
75
330
149
62
150
269
66
1465
536
794
67
267
791
251
251
306
800
151
67
373
465
192
115
633
207
537
84
1157
142
367
410
750
459
78
104
261
137
518
646
204
680
172
919
229
117
14
344
267
149
172
383
156
487
332
213
270
255
80
177
174
357
225
226
143
416
372
108
396
196
168
214
71
226
145
157
246
228
149
208
182
89
852
434
88
157
84
97
153
577
866
169
30
207
288
225
196
212
434
242
141
365
524
361
95
304
35
68
700
344
478
315
73
113
420
143
242
72
314
123
570
371
1333
367
108
529
379
298
203
183
359
217
193
263
175
87
608
164
268
495
341
107
271
739
154
89
327
185
224
45
279
94
209
253
145
147
704
85
338
76
190
277
70
232
182
10
43
438
189
537
222
304
192
559
307
9
272
386
182
157
101
151
750
143
64
79
463
86
192
159
317
224
164
58
120
400
67
335
297
164
174
100
3
134
947
262
183
115
244
494
211
472
259
509
114
209
173
268
146
700
2
135
331
289
1230
564
898
50
271
183
78
259
2496
832
771
248
356
407
39
127
1111
507
134
238
85
3384
301
188
296
469
125
190
546
311
78
114
37
239
192
138
276
114
217
534
504
756
418
222
325
421
174
404
74
76
231
388
237
162
340
231
493
180
248
263
136
387
208
81
255
196
663
625
441
251
57
479
67
1
101
577
275
238
264
145
307
202
436
95
50
129
293
391
360
415
210
214
347
429
368
234
156
333
401
438
443
330
3904
296
106
2090
208
50
48
167
337
498
688
16
293
132
384
230
38
293
229
29
197
95
144
315
209
34
162
147
134
202
262
305
784
157
175
53
605
349
436
357
1199
269
126
244
364
219
290
370
273
425
51
18
201
294
216
126
168
114
191
222
1292
218
756
221
210
45
209
423
213
202
4255
83
28
206
147
216
226
800
187
1296
993
44
109
224
19
221
359
327
818
304
355
93
55
366
405
132
126
59
153
295
153
249
264
643
218
290
89
285
284
188
87
239
324
267
294
139
430
195
51
100
225
268
88
5120
196
76
78
214
101
404
429
168
299
908
212
157
186
77
970
303
175
299
223
266
178
116
8
161
127
165
44
283
115
68
363
498
188
373
98
99
145
340
142
49
125
355
196
240
202
175
283
275
137
403
276
227
675
271
210
371
537
360
35
61
182
260
197
1
316
326
458
112
207
171
201
183
349
274
160
420
234
121
217
151
65
301
5
256
401
1
434
238
150
316
51
323
240
310
34
296
694
125
181
271
101
380
72
325
16
86
335
172
241
145
106
884
378
157
94
9614
44
57
96
658
284
586
119
133
220
374
352
128
209
195
133
522
264
62
247
252
39
30
236
403
107
43
1090
136
291
173
121
46
552
209
1087
259
249
306
436
233
267
237
96
135
235
400
159
7
356
178
173
395
64
243
537
191
290
94
332
111
213
287
428
608
75
130
263
157
46
242
170
210
292
282
76
7596
49
729
122
1250
44
90
190
76
135
485
110
321
289
4
196
175
114
545
882
144
53
242
17
98
254
274
245
201
530
346
105
186
2
311
5
437
580
168
231
170
431
185
194
273
542
162
418
349
307
653
429
420
463
207
252
1061
281
165
404
493
251
209
68
553
258
819
132
354
283
212
2663
220
45
113
158
208
535
93
308
298
223
185
80
163
93
384
244
266
144
433
208
154
150
65
45
401
374
428
618
599
229
283
423
97
160
60
352
438
2308
1419
187
54
282
284
205
39
432
719
129
471
46
576
207
23
53
280
269
224
266
298
245
225
76
400
182
101
92
140
269
996
110
129
207
171
538
159
386
122
109
126
352
142
342
157
246
123
439
98
309
396
556
301
218
76
314
2
163
123
245
37
67
46
61
191
90
237
179
214
247
588
114
207
35
45
652
89
1384
190
37
1375
241
152
246
178
323
50
125
277
253
1430
70
269
303
94
239
223
332
189
146
1038
59
190
126
269
46
372
151
218
94
570
292
128
387
159
137
90
545
126
1
150
133
6
369
123
357
300
209
18
52
184
57
243
365
386
170
506
139
619
318
459
343
379
52
361
168
221
298
119
147
281
208
280
338
143
663
39
489
472
291
161
94
609
373
241
192
65
66
2054
267
569
163
1978
197
99
50
396
311
410
567
22
186
585
22
19
1111
68
125
147
1663
317
224
17
46
86
394
192
344
334
352
195
308
187
241
355
30
237
430
747
298
226
219
1
301
226
116
771
77
421
168
142
137
527
1141
535
182
202
449
301
545
421
797
256
520
314
236
2209
65
233
363
149
59
391
534
220
293
212
226
201
187
179
148
335
865
160
206
6
39
138
264
152
209
297
141
133
238
80
236
309
152
1
237
208
69
58
157
70
246
150
219
202
90
619
335
120
809
350
226
117
579
229
124
245
118
308
79
1178
176
24
336
442
406
203
411
701
307
205
3
335
72
417
391
433
845
105
127
59
423
542
171
288
53
55
192
158
338
99
203
107
64
75
233
419
289
390
1
472
147
204
571
37
135
393
1219
190
100
153
405
131
545
255
460
352
72
153
283
376
135
282
293
456
198
167
404
221
312
1
240
100
124
120
20
402
395
321
291
685
52
212
19
140
133
267
478
183
370
284
263
296
139
416
481
207
109
1150
202
178
249
3953
75
405
1
742
633
122
335
189
177
74
270
186
163
135
158
113
240
245
600
206
175
254
109
346
221
505
275
67
1293
332
1101
200
421
363
2
144
89
303
139
750
166
54
132
236
228
98
184
467
422
108
468
287
108
199
204
4922
212
504
276
268
361
286
72
257
212
202
197
299
272
42
367
471
220
349
238
172
435
242
301
273
372
242
375
123
413
266
224
455
348
545
390
317
482
680
274
75
979
219
154
111
217
178
503
455
94
82
156
165
177
505
274
196
661
277
783
596
354
320
292
181
581
109
396
307
867
1445
272
364
184
222
113
331
477
400
751
442
52
373
332
279
183
95
3419
279
77
180
139
406
270
1
517
428
610
490
105
111
57
75
190
363
141
39
707
108
93
572
495
34
219
4
2707
193
505
31
139
480
28
1655
311
327
283
38
494
257
247
223
203
391
197
224
185
205
342
137
172
975
240
88
125
361
348
258
249
21
580
13
254
1001
306
345
3
188
320
274
171
133
119
59
163
11
347
129
81
216
337
452
151
257
341
327
1234
69
275
384
198
352
292
128
235
132
221
216
16
63
213
51
248
224
207
594
264
34
138
304
98
193
387
218
152
68
146
287
178
181
2350
477
2053
247
31
107
251
480
409
33
173
140
57
455
1011
634
83
148
77
191
2
158
104
10
222
106
255
362
514
384
150
64
10
779
319
361
177
259
118
274
133
290
334
343
136
142
149
199
271
369
278
158
296
37
4009
520
241
282
65
327
17
185
46
113
393
176
72
150
303
16
403
189
431
123
353
176
516
301
617
220
171
408
256
233
7
67
216
145
219
225
181
768
207
47
440
727
426
208
154
518
126
315
226
117
873
802
108
172
595
410
170
379
202
350
505
392
346
362
534
438
106
229
399
347
200
208
20
129
142
50
178
203
626
282
305
378
271
552
270
182
1250
243
555
409
558
166
183
1328
455
137
132
219
180
65
134
265
166
511
173
195
232
182
68
135
321
83
463
268
183
802
338
331
247
264
179
617
313
305
1062
303
132
186
132
428
92
365
144
277
241
193
50
2001
232
2
177
346
216
253
236
364
255
381
39
5572
222
1146
128
1
487
379
427
88
119
123
290
304
351
140
296
278
285
136
163
348
219
323
5
176
360
223
490
235
202
123
325
245
177
1
238
273
3
185
127
152
789
173
235
129
52
426
343
433
243
172
327
462
302
168
191
42
256
235
189
100
464
151
199
2
227
76
329
363
23
333
71
180
26
374
10
259
3
237
211
235
943
137
127
653
191
389
407
135
75
132
105
1615
108
248
220
131
375
238
4
1001
197
258
224
310
248
438
289
225
87
1
154
306
5
157
253
410
128
286
204
261
258
173
204
65
544
103
281
139
153
201
95
167
319
104
149
444
56
118
411
212
44
325
137
221
1390
848
185
373
221
145
245
126
447
522
372
582
165
514
142
166
178
478
148
128
83
343
141
49
3
425
632
326
156
204
247
48
483
51
359
778
111
104
173
73
172
71
262
78
104
145
395
242
112
350
499
76
373
278
217
243
180
278
161
282
646
371
770
139
638
231
303
416
37
554
858
3912
102
48
62
114
139
137
780
147
839
56
312
364
225
357
110
665
314
307
20
11
158
167
444
325
4
293
548
533
3
128
337
246
133
85
117
167
339
154
207
78
185
1
387
184
182
132
129
110
208
164
489
115
380
331
212
89
196
177
1107
251
1212
323
214
468
97
246
219
342
257
89
22
318
451
5
180
50
259
453
118
243
74
213
11
192
315
86
168
594
311
103
213
361
414
290
1
191
734
119
249
621
233
1106
136
287
195
377
18
268
257
332
755
409
191
903
211
139
690
188
520
23
357
239
372
520
85
104
285
227
824
240
205
43
56
226
204
576
397
159
300
235
117
320
164
137
205
277
174
246
373
232
181
300
261
152
676
480
483
87
270
14
117
143
47
406
344
164
216
1465
175
410
169
446
115
279
195
1735
136
711
28
382
313
560
199
446
242
78
392
310
261
68
191
227
82
178
283
145
110
299
2
148
280
150
56
395
240
314
408
670
28
2166
74
4
162
266
1715
318
497
187
122
108
385
311
162
708
115
194
21
404
367
73
227
587
47
218
161
257
250
172
256
326
176
207
187
227
208
1584
133
173
127
343
59
395
91
289
170
61
1651
165
371
287
235
39
269
545
330
121
67
562
172
151
779
295
568
426
266
258
2
55
220
301
136
4
234
1
4151
115
378
152
382
182
254
203
198
200
1
459
129
1
34
494
219
205
164
12
294
174
149
175
435
146
844
105
552
129
344
286
68
7
401
694
228
177
102
6
378
3
83
515
316
57
147
439
387
398
51
378
279
138
260
269
377
165
235
116
598
201
302
144
16
46
334
430
131
91
380
131
47
92
196
228
202
254
129
360
134
153
439
78
190
176
142
61
86
716
348
352
79
332
443
192
476
226
393
279
1
160
227
93
322
311
168
124
47
258
307
461
93
153
162
129
50
374
358
192
71
103
148
292
453
78
937
248
324
17
150
196
414
281
102
54
168
123
201
467
695
100
8
257
71
294
199
255
236
122
494
567
186
114
617
108
127
380
321
80
99
275
305
124
46
349
166
171
446
236
340
148
194
321
393
7
165
164
236
621
205
217
230
373
974
161
128
77
65
2
148
274
181
416
73
105
214
312
334
208
121
189
275
386
1229
407
189
32
149
42
213
188
75
396
134
350
1514
759
155
165
218
169
211
49
324
149
93
156
119
537
485
195
22
175
191
182
233
110
382
523
496
602
201
339
168
280
129
207
261
304
462
415
454
98
198
232
292
189
467
108
84
130
339
184
16
273
31
137
506
391
558
203
112
841
345
396
7588
1090
294
318
218
231
2100
140
35
413
226
162
278
527
117
607
1031
65
198
73
321
135
215
16
232
292
445
559
187
201
136
612
286
100
204
169
463
242
457
269
138
471
105
79
321
145
197
25
213
594
171
165
55
1312
259
769
229
88
4660
493
184
71
64
328
374
225
829
235
211
29
561
306
346
1
50
253
19
60
652
188
428
342
358
387
240
805
180
265
399
38
70
135
152
467
239
528
502
368
183
130
238
352
285
128
342
71
321
1
147
180
134
170
470
485
101
123
8
90
214
145
206
248
217
51
282
240
1513
214
102
149
111
201
210
462
220
202
385
192
196
117
223
432
250
174
325
356
104
563
288
96
518
278
288
217
109
16
297
186
100
622
346
72
339
417
337
128
312
549
162
179
71
115
359
239
293
125
390
98
661
67
181
123
147
19
410
220
102
202
238
163
832
206
388
250
304
511
213
229
224
672
474
272
301
99
244
162
412
231
281
198
189
7831
525
387
49
69
122
205
135
68
176
55
531
343
74
476
201
355
176
84
3487
130
200
219
1031
710
202
392
325
224
329
150
178
344
110
100
200
199
154
31
204
213
86
212
429
559
199
136
26
277
949
379
863
258
60
251
299
376
1423
683
289
622
52
70
143
178
118
106
558
238
552
343
199
72
3
137
412
239
444
249
822
316
145
340
148
122
103
222
342
304
234
264
145
128
1056
220
438
335
127
240
153
443
150
3
165
235
432
148
158
309
364
569
209
132
505
305
349
116
246
162
240
197
225
356
53
52
122
288
309
3778
144
299
2
195
213
143
307
224
270
307
379
309
121
65
263
464
405
201
293
225
450
632
4
361
301
170
174
362
195
265
8
250
848
131
259
395
120
256
276
858
98
129
86
196
245
186
277
24
198
273
249
563
233
402
54
418
269
98
383
350
29
186
239
102
181
333
245
22
211
67
394
405
182
231
1068
1
185
140
391
321
189
196
68
209
747
54
141
356
1799
541
488
232
1437
591
40
188
412
1992
233
317
173
1261
388
469
19
195
347
183
341
443
4
113
497
304
515
1368
215
513
2
232
328
128
154
277
181
130
291
2897
112
88
282
1
871
380
288
460
61
623
278
43
358
373
260
432
459
69
190
984
1
530
512
600
262
210
233
4472
201
170
94
162
78
569
218
550
694
1616
2457
316
194
181
193
256
47
198
418
82
435
260
476
330
353
151
155
313
420
194
359
137
162
236
259
231
71
310
102
218
261
85
491
371
129
386
434
109
330
150
363
164
99
250
155
343
182
12
237
249
273
268
162
290
656
140
294
499
266
438
25
389
103
541
137
693
203
133
233
30
186
190
466
331
236
55
211
178
138
52
220
148
146
129
22
133
259
272
180
140
181
64
148
152
646
307
341
323
181
121
361
225
175
228
305
233
86
308
185
520
94
281
495
381
148
5
299
744
273
240
119
158
182
247
344
64
264
262
100
680
124
227
591
122
90
184
278
553
163
912
185
215
143
295
313
41
314
515
305
370
280
8
33
352
234
168
26
282
86
108
806
293
1
9
185
633
264
188
661
247
1865
412
137
160
294
338
203
318
592
542
168
368
259
149
217
406
594
282
235
634
158
262
223
114
359
529
1010
29
337
80
187
191
1200
311
412
226
531
340
491
146
335
276
25
48
229
273
85
255
482
448
2223
396
540
377
668
275
473
200
176
247
51
251
137
338
549
397
13
396
190
331
177
123
283
285
121
413
174
1063
842
594
230
311
162
778
93
175
73
190
752
269
202
382
253
75
183
3
187
107
69
105
312
93
1
173
160
93
303
4703
223
241
237
210
234
543
222
145
405
27
847
177
71
32
228
191
347
325
190
433
189
197
421
204
172
211
431
120
35
209
18
253
177
513
198
201
238
432
141
54
45
154
30
87
98
368
274
124
314
60
2166
289
183
1089
75
366
166
106
152
65
228
187
7525
405
752
97
207
400
415
777
113
503
81
52
168
6
198
57
136
115
307
865
579
169
203
80
339
1
2211
1
228
185
3
313
344
216
207
401
151
71
3687
1
239
207
66
237
233
87
212
187
61
3
66
160
166
213
176
394
15
351
1
122
1
87
105
130
385
2
217
50
105
127
115
480
220
507
6
94
221
1
41
267
67
3
664
167
1025
149
336
302
423
2829
151
295
136
478
611
122
198
366
140
77
293
165
80
283
1
78
899
79
177
112
42
259
445
337
159
133
99
64
352
670
90
124
196
147
201
313
73
444
2
605
181
99
200
93
161
110
87
189
227
256
157
195
5
50
184
151
242
405
3
776
51
108
246
3
361
336
217
235
219
110
180
333
212
369
15
105
779
413
403
409
217
8323
191
481
113
336
139
271
525
202
144
1
131
232
194
117
239
306
264
162
204
739
106
189
184
525
197
788
369
439
480
384
167
255
317
553
327
413
136
105
104
883
11
229
150
136
303
460
324
780
103
212
60
644
123
219
188
164
164
455
209
75
263
144
43
213
307
482
110
336
151
221
227
435
296
120
1636
490
83
385
413
308
195
41
9
319
6
606
86
65
192
1
66
3
256
266
536
615
165
130
407
207
159
298
51
142
289
419
261
315
518
113
61
110
58
125
101
104
148
326
63
72
110
1
528
400
95
21
290
2
305
146
455
181
165
234
311
1
45
76
157
445
10
36
3
1
2
572
6
215
475
302
250
197
441
419
271
465
317
3
73
146
327
528
262
290
365
236
172
74
458
484
345
7
366
211
74
112
338
3
69
245
330
175
112
203
349
123
170
500
37
590
137
96
411
194
225
737
571
143
349
114
397
150
1966
342
430
37
304
509
57
359
274
160
1
388
120
219
117
310
4048
4
162
1
195
364
134
196
36
270
165
51
209
266
123
132
101
734
149
101
5
57
205
672
215
739
113
74
1
73
1
286
237
307
400
366
185
259
26
110
451
300
283
213
398
219
118
341
2
546
201
185
107
91
356
226
195
34
414
168
2198
188
204
187
400
3
35
101
245
2
95
1
473
106
202
336
254
606
235
419
208
82
24
557
210
216
114
330
369
269
289
362
7
101
434
131
277
189
321
366
243
229
192
39
142
686
253
311
263
214
38
283
262
99
299
191
501
719
259
124
326
201
179
79
72
105
295
117
621
791
120
216
169
238
201
122
455
236
132
2
236
292
68
283
204
95
160
231
150
110
217
496
160
97
362
82
413
48
188
111
442
302
179
13
598
314
167
255
403
1199
188
607
220
610
273
96
706
195
123
342
175
61
661
659
243
47
154
202
313
193
259
161
652
237
163
220
130
102
310
27
199
197
307
169
229
158
322
2174
116
74
229
353
13
209
395
1
95
347
156
644
24
1
311
465
70
1
265
1
38
413
828
583
1144
213
250
195
105
264
2215
375
92
152
269
192
392
120
322
306
130
380
494
145
87
150
239
225
146
225
305
315
344
304
37
366
146
348
223
125
224
273
311
1041
278
37
130
448
570
171
246
112
71
1160
220
94
3054
493
163
275
315
159
409
112
488
170
70
206
644
285
158
494
146
129
170
67
148
284
81
88
390
953
57
192
313
40
280
145
343
510
155
281
207
65
333
345
18
27
474
841
248
264
117
243
311
113
237
367
308
169
254
268
350
61
200
139
66
1612
1032
294
165
137
118
261
284
204
221
311
320
272
73
211
198
209
292
188
286
98
573
393
108
61
401
182
81
142
374
409
363
4
175
205
236
68
779
133
195
305
1
113
175
493
256
288
62
222
254
221
388
134
179
153
187
2
226
166
435
114
146
206
213
58
529
282
8
1192
171
209
498
437
75
346
118
107
1607
2
288
325
316
513
133
2
221
6
343
189
174
5
448
97
189
99
292
160
215
492
379
180
271
407
191
98
641
308
75
712
12
391
331
282
225
673
291
402
297
165
301
261
63
312
195
188
497
1
191
138
123
138
287
347
226
463
111
53
119
278
99
151
217
503
223
517
181
217
141
432
110
212
343
112
269
114
406
189
169
600
315
302
450
90
242
185
333
4
119
384
2
181
4
90
26
108
105
407
110
386
338
743
155
325
771
219
2
438
235
261
9
298
2
203
365
610
158
156
155
529
484
199
145
495
521
110
11
816
56
106
1214
191
28
678
163
115
568
298
71
124
477
95
533
764
85
357
227
27
105
359
338
52
262
33
155
75
109
114
250
175
1
246
458
906
419
13
293
260
4807
134
2
1
46
476
1
161
379
97
3
9
376
7
93
154
87
149
221
226
189
5
124
169
15
855
94
36
191
2
49
211
98
113
492
141
127
160
241
173
158
480
165
240
64
203
311
401
265
1330
115
296
155
354
329
351
135
80
113
203
484
161
119
256
305
308
297
314
122
420
128
476
875
1649
73
40
281
225
103
36
334
135
169
200
236
591
131
160
213
197
331
2
140
2
472
402
141
428
252
515
182
184
294
105
528
160
232
308
374
213
168
493
221
241
1386
61
66
203
4
190
596
239
230
473
75
62
834
274
511
206
144
224
93
223
8
371
54
133
1168
51
165
141
15
116
143
164
304
218
177
303
300
403
116
364
29
521
420
509
377
328
433
153
3
133
118
242
227
5
287
255
228
176
435
313
674
301
619
186
242
313
203
311
210
117
141
207
3
209
233
267
58
161
202
155
136
1
220
112
239
127
375
162
153
337
111
267
264
17
315
118
396
114
254
207
316
91
93
255
201
216
421
110
202
207
43
198
282
244
290
264
770
138
143
768
184
177
91
142
363
151
187
459
280
447
608
81
408
163
266
44
126
175
340
58
310
128
109
590
257
168
380
376
424
46
303
244
118
180
418
277
226
274
176
528
35
157
453
268
265
413
324
404
508
488
104
393
161
224
106
177
354
15
202
776
143
405
549
387
139
72
223
105
372
115
172
471
288
505
8
251
73
149
221
149
235
528
175
2752
507
255
128
268
106
186
1
174
229
79
14
34
151
309
18
101
286
3
182
45
1364
5
273
267
268
173
135
190
313
92
105
241
621
148
218
281
447
220
26
176
161
130
285
195
373
763
135
357
289
242
153
182
155
200
1
538
28
373
88
162
586
405
164
223
58
256
514
35
307
254
104
26
376
41
146
261
126
631
245
534
555
451
227
40
209
603
466
27
79
368
387
277
858
233
193
833
523
321
275
123
113
135
228
572
1
134
174
37
135
148
218
238
166
296
251
513
345
225
161
112
52
115
188
311
153
165
745
99
309
545
188
910
89
107
92
132
177
1
318
237
258
127
145
378
240
34
175
295
207
242
177
53
169
357
2
258
120
387
530
1
216
197
466
135
39
2
127
268
263
220
223
74
254
266
282
150
47
263
193
132
170
158
460
1347
803
126
17
217
41
312
32
94
693
15
383
164
234
633
217
391
271
368
3
63
456
39
354
362
714
572
218
1
209
344
91
17
955
412
195
1090
2
72
261
229
232
138
263
128
137
271
135
132
260
257
112
74
196
73
373
470
178
164
473
123
336
156
435
183
65
369
234
162
206
413
196
75
114
149
499
254
921
376
317
18
257
120
344
250
2128
62
74
518
190
376
138
171
236
898
184
268
241
3904
162
262
191
174
275
202
239
138
174
149
108
408
143
267
211
324
452
184
242
226
350
287
218
293
386
299
281
151
289
2872
95
277
184
34
334
264
155
214
207
8
185
383
156
152
450
145
183
68
650
112
178
2
137
1
720
370
836
87
86
162
290
278
4
267
470
150
362
6
263
236
1
447
1
207
363
101
314
289
106
418
301
104
168
1166
139
191
8
337
69
186
195
211
277
34
44
30
376
2
298
414
110
139
320
226
384
322
198
121
187
174
216
265
80
237
23
252
215
181
301
306
337
130
249
167
493
209
278
237
216
635
384
210
150
240
100
91
160
1187
191
343
177
67
135
376
249
51
62
521
1151
260
282
1
3
140
128
94
425
98
50
133
467
242
180
478
229
247
313
148
512
373
90
583
166
155
429
119
338
247
355
808
213
264
668
256
225
318
385
143
225
402
308
558
164
66
340
498
92
251
407
149
175
365
646
273
43
441
99
297
120
121
138
177
928
360
262
255
298
106
377
186
753
178
278
176
199
144
417
856
249
170
100
106
141
2
188
2
1005
2
1
31
183
14
543
217
161
235
157
161
601
451
73
660
186
43
318
98
207
198
59
147
279
406
154
400
413
362
244
203
86
322
481
420
209
30
205
46
302
141
39
160
232
267
207
239
141
1063
351
386
211
927
405
363
76
361
207
112
89
233
63
94
294
410
392
301
95
876
12
241
27
299
609
200
144
113
106
74
301
135
208
14
208
823
544
16
1
234
3
159
315
341
89
326
164
186
89
175
317
215
110
82
266
2
169
212
423
617
323
62
18
107
174
175
174
204
404
120
210
262
498
241
153
190
55
188
293
154
419
145
105
288
31
247
300
266
257
83
354
26
244
313
52
237
84
213
265
359
271
228
109
87
179
82
230
274
2027
142
2
140
182
145
145
210
409
121
92
54
149
387
151
347
291
193
1
124
61
96
219
315
126
403
1329
217
77
309
210
736
19
327
